num_filosofos,num_tenedores,tiempo,num_comidas,num_pensamientos

51,51,7.051406383514404,102,102

50,50,5.106985569000244,100,100

25,25,7.046831130981445,50,50

20,20,5.077967166900635,40,40

15,15,7.109389305114746,30,30

10,10,5.059662580490112,20,20

6,6,5.025905609130859,12,12

5,5,8.105130910873413,10,10

4,4,5.013288259506226,8,8

3,3,7.086317300796509,6,6

2,2,5.093758821487427,4,4

